4.4206
0.9831
0.8900
-8.7044
2.8544
3.7315
3.4109
2.6113
2.3439
-7.7298
1.1889
3.1360
1.7141
-8.3655
2.7064
1.0460
-8.5761
3.5127
0.8881
-0.8608
-0.0037
0.4672
-7.8201
-0.0964
0.9820
4.3319
-0.1332
4.1997
0.6028
-7.7274
2.4325
-0.1139
-7.5159
1.9418
-9.5158
3.9227
-7.4278
-8.1842
3.3690
4.4368
3.4011
3.7891
0.8999
1.8508
3.4521
1.0034
2.8085
-9.0326
2.8389
-7.4575
-7.2264
-7.3854
-8.2830
4.1366
4.5367
0.9569
-8.2725
3.3637
-8.0141
-8.9943
2.7621
2.5095
3.5631
-7.8910
2.4732
-6.9834
1.2504
0.7731
3.7702
3.6770
3.6708
3.6341
1.2565
3.2500
4.2112
1.0648
2.8630
1.7511
1.4298
-8.5955
-7.0793
4.0638
-7.6760
2.5823
-7.8478
1.3492
2.6960
0.3638
0.6199
1.1832
2.9082
-7.7923
-0.0202
1.3869
-9.2739
-7.2095
2.8329
-8.2590
-8.6562
-5.0181
3.1446
-7.2240
2.2315
2.5738
2.8030
0.9736
1.8843
1.0287
2.6719
-4.3726
-8.6701
1.0111
0.9577
1.8682
-8.0982
-6.9714
2.8737
0.5600
-8.4516
2.9023
2.7976
-7.7652
0.0083
4.2581
2.7969
0.4318
-8.0269
0.5033
3.3070
3.3280
3.5794
3.2366
3.8458
2.2306
0.0100
-8.6123
4.6332
4.2104
1.6923
-0.2503
4.2020
3.0481
2.9724
0.3299
2.7589
2.4980
1.0717
2.2927
-8.7531
2.2354
3.5462
2.6633
1.9467
4.4063
-8.9211
1.6894
2.0719
3.0386
2.2308
-8.6102
0.9499
-5.4202
0.6832
-7.8378
3.7918
0.9830
2.4109
2.9034
3.4675
2.6289
3.2190
3.8632
2.3412
-7.5624
1.6456
-5.1983
3.7545
3.2248
0.2821
0.5804
-7.4714
-1.0120
2.0182
-7.8577
-8.7782
3.4804
4.3145
3.7824
-8.5938
1.1644
0.7271
0.7774
0.9174
2.4055
3.7370
3.2407
3.1911
3.3086
2.2800
4.4412
-6.8671
4.4714
3.4495
4.2196
2.3536
-7.1854
-7.3999
2.8632
4.3324
2.6417
1.5451
3.3521
2.8791
4.4452
1.3862
-8.4226
-9.1702
2.0546
0.0365
3.6056
2.0287
-6.6670
0.8475
3.1867
1.6540
1.0273
2.7016
3.7831
2.0340
1.8774
4.1816
0.6461
-8.5545
3.4887
-7.7380
1.2892
2.8748
3.8263
2.3165
-8.0872
3.3967
0.2333
-8.5114
0.9820
-8.5259
-8.8016
2.4900
-6.6772
3.0020
-0.0152
0.5342
-3.6841
0.5642
-0.6437
-8.4464
-7.4635
3.7098
0.6484
-0.2695
-7.7182
1.9106
3.5220
1.1806
4.4750
-8.4146
2.8675
-9.4649
-7.3009
-7.4017
2.7292
-8.5777
0.5255
1.1248
-7.1040
4.1717
-0.2320
3.2047
-4.4129
2.2175
4.0683
1.6116
-0.1268
4.6628
-9.1539
3.5313
2.1914
2.1826
3.5044
0.0055
-7.4625
-9.6017
0.7436
4.0505
-8.1525
4.3084
1.3389
2.4722
4.4344
2.8344
3.5363
3.8312
-7.1068
-7.4431
0.0172
4.5301
2.8855
1.8786
3.2818
2.7487
1.5160
4.2524
-8.7752
0.3460
1.1273
2.6035
0.9127
2.6486
1.6315
2.3592
-9.2395
3.7179
-7.1570
-8.9387
3.2407
-6.0063
-0.0539
-4.7279
3.4390
-8.0597
3.3468
1.5287
2.5998
1.2730
2.4205
3.1688
-8.8810
3.4493
-0.7769
-9.2163
2.9766
3.2993
-7.6624
3.3747
3.2649
2.7028
3.5480
2.6855
3.7221
3.5864
3.0523
2.1013
1.3649
-7.8453
3.3813
-9.4324
-8.5786
1.1651
1.9336
3.0718
3.5308
-8.2429
0.6451
3.3308
4.0952
2.6574
2.1600
0.4048
-7.9566
2.1594
2.9232
-5.3315
-8.5610
1.5290
4.9421
2.8202
2.3100
0.3863
0.7236
-7.3622
4.1172
-7.3244
-9.1271
0.8909
1.3306
-8.2589
-0.2179
4.8708
-7.9263
3.0707
-0.6383
2.7062
3.8337
3.7156
2.8910
3.1683
2.4258
2.3681
-8.5217
-9.1696
2.6809
4.2004
0.6228
-0.5166
-6.5078
-7.5554
3.8188
4.6685
-0.9287
-0.4274
3.0980
-7.3339
0.3870
4.0235
-8.4731
-8.0891
1.5334
1.8401
3.8137
3.7966
1.2105
3.0714
3.1194
0.4792
2.7167
-8.6399
-7.9206
0.4602
-0.0775
-8.1509
4.0109
-7.4030
-7.6398
2.9273
2.2735
2.2641
2.6778
2.1265
-4.5892
2.9146
4.0281
0.6045
-7.6643
3.6009
-9.0502
3.0984
-7.5045
3.5671
3.1756
4.4966
1.0990
2.9355
4.0317
1.9983
-8.4731
-0.1302
3.0542
2.8303
2.6179
1.6841
2.6924
1.8918
3.3867
1.4930
1.9796
2.0824
1.2359
2.0280
-9.2746
2.7171
3.9065
-7.7650
2.2844
-8.0013
3.9853
0.9241
4.0543
2.1164
4.0456
-0.0650
1.4067
-7.7334
3.0543
4.5148
1.5391
3.9892
2.1578
3.9332
2.3706
0.1814
3.3212
2.9982
3.8284
1.7037
2.5837
0.4218
1.9300
3.1408
2.1665
4.1260
3.7374
2.2351
2.3449
-6.3923
2.0539
0.7243
-9.5118
4.1096
-8.5943
-0.0339
3.6007
-7.9288
3.9469
2.6385
-0.3488
-8.0044
-8.2085
1.0342
2.0490
1.9646
4.0570
-0.3994
1.1047
1.9028
4.6523
4.6984
-0.0936
3.0196
2.5235
-8.0326
-7.9915
0.6375
3.5040
4.3321
2.9075
3.6557
4.2810
1.4457
1.7223
3.0316
0.3645
-8.7320
-8.6039
3.4643
4.6388
-8.6406
-7.6256
1.7021
2.8583
-8.3088
3.7006
-8.6892
3.2016
4.5363
-8.0172
2.7682
3.3489
3.9037
3.3283
2.7106
4.4804
3.2427
0.7751
3.9323
-8.7989
3.4341
2.4683
1.5365
4.1504
3.2962
0.7849
-8.1076
1.9805
-0.6195
1.9777
2.9159
-8.4929
3.6986
-8.1679
-4.9357
4.5390
-4.5944
-9.1020
1.2896
-9.2841
2.1574
3.4983
3.1588
-8.2494
-7.4332
0.7421
-0.4989
-7.6456
-7.3007
-8.9492
3.9703
3.7927
2.9955
0.5717
4.2183
1.4515
-8.2708
-7.2261
3.1621
1.3284
3.3972
-8.4515
2.9397
-9.0148
3.1325
2.8512
2.5900
-7.1771
4.0728
1.7676
3.9362
3.6691
-7.9831
-8.1505
4.9099
1.2639
2.5579
-7.9494
-8.4605
2.5143
3.6373
4.5332
4.0390
1.3230
-0.3805
-8.4348
2.1846
1.2069
-7.2538
3.5817
-8.2257
-7.5228
2.8508
-0.6427
0.7594
0.9928
0.0210
3.7544
-7.8855
4.0411
2.8131
-7.6440
1.1599
2.3677
2.5061
-0.3572
-7.9127
3.9703
0.5104
0.2817
1.9896
3.5699
-8.6053
-7.7847
-7.7887
-7.9429
2.4923
0.4064
0.0519
-7.2906
-9.6118
-8.7005
2.9715
3.9567
3.3561
-7.0959
2.6049
3.3520
-8.1871
0.8461
4.0413
2.7860
2.5140
3.0433
3.9767
0.4134
-0.2861
-0.7125
2.6486
0.4226
-8.2861
1.0887
1.3870
0.9812
3.0034
3.3902
2.8726
4.9634
3.6708
4.5662
3.3195
3.1373
-8.4977
-0.3259
1.2043
-0.2930
2.4313
-9.1469
0.6115
2.1533
3.4365
-8.1197
-8.1503
-9.0656
3.3373
-0.1567
2.0043
3.9625
3.5103
0.0321
2.0798
2.9757
-0.4092
2.5187
1.4002
0.9747
2.2701
2.7614
-5.3189
5.0245
-8.6027
2.4063
3.1138
-7.5944
2.1494
-7.5679
1.4599
1.7724
-9.2909
3.4161
2.2365
3.7787
2.3337
3.5568
-7.3026
-7.8856
1.7033
2.6766
4.5091
3.1499
-8.6755
-8.5906
3.1079
3.9143
-7.9931
-7.0903
-7.9444
3.3183
1.8043
0.6921
2.3773
1.5013
1.1561
2.6817
2.3458
-8.0477
-8.8356
1.5794
-6.7285
1.3548
-0.2167
0.0742
-5.3430
1.6632
3.4485
-8.0574
1.1611
3.1817
1.3093
3.4826
-8.0402
2.7606
-7.8879
3.5575
-7.1084
2.2201
0.1312
2.3204
2.3054
-7.4675
2.9928
2.5426
-7.5299
3.1033
3.4722
-7.6645
-7.1235
2.9366
2.7403
-7.8903
-8.8787
2.2979
-8.6117
3.8043
-8.6518
4.0453
-0.2747
1.6332
-7.4669
2.4135
3.7189
2.7383
2.7803
-0.6678
4.1027
0.0548
-7.6609
-7.3222
-7.7172
1.7077
2.3447
3.8226
4.0602
2.4549
3.3739
2.3747
2.5798
1.3791
-7.5847
-7.8583
3.9409
2.8156
4.8876
4.3904
2.3305
4.5017
2.9191
2.6509
-8.3834
3.8691
-7.4134
2.7805
-8.5011
2.9996
3.3560
3.1842
2.6620
4.6185
2.4235
3.2549
2.6866
3.2308
4.8300
2.8517
2.9417
-0.3697
3.0754
2.6290
2.7786
3.0608
1.1723
2.6632
-0.1667
-0.0693
1.1563
1.1422
3.1856
2.3816
3.4751
2.2937
3.5007
0.5688
0.4916
3.7961
-0.6483
1.0553
2.1876
-6.8775
1.2891
-8.2357
2.8525
4.0550
0.0625
2.6840
2.7658
2.8330
0.7951
3.6928
-7.4013
3.9156
4.3737
4.2333
0.4032
3.4323
2.8158
2.4376
2.4904
3.9551
2.0020
-7.8289
1.3031
-7.2627
2.8420
1.4528
-7.6525
-8.3179
4.1971
4.0657
-8.4482
4.3662
4.1614
3.1544
3.8249
3.9095
-7.2654
2.5127
2.8025
-8.8363
2.5873
3.4963
-8.5357
3.9558
4.5086
0.8118
-7.5854
1.0356
-0.0228
4.2361
3.6621
-8.8784
2.1185
4.4720
1.1090
0.0135
1.9912
4.0363
1.0888
1.2560
1.4798
-0.0312
1.2943
-8.5964
4.7928
3.4941
1.9355
-7.9612
1.3248
3.6530
1.2842
1.8484
-7.7180
1.3625
4.4294
4.7416
-5.5447
0.8329
3.3447
2.7974
3.0339
2.2014
-7.9924
-8.7114
-7.8509
-9.3291
0.2696
2.3621
3.5846
-0.4792
3.4011
2.6075
0.1530
-8.5668
0.5459
3.3135
0.7855
3.9634
1.7755
-7.7149
-7.6610
-7.3403
-7.4275
2.9652
3.0169
3.4490
3.9389
-8.6741
-0.7305
2.3960
3.8760
2.1263
-8.7424
-8.3308
3.8538
3.1148
0.1949
2.0129
-8.5871
1.1997
3.6861
2.2815
3.0967
3.2662
0.3924
3.3225
4.2340
1.1042
-9.4158
-7.9461
2.5731
-7.2515
-6.2792
2.1473
4.1613
2.9735
2.6062
-0.4215
2.7893
2.2396
2.6210
3.9109
-7.4878
1.8978
2.4072
-7.4234
2.2266
2.6841
-7.0513
-6.8968
2.2590
-7.2281
0.0712
2.7015
3.0416
-6.8745
2.6649
-7.6025
-7.9838
-7.3927
2.4119
1.0210
0.6924
-0.2100
-9.3550
3.3365
-7.1296
0.1905
2.0231
1.6568
3.4533
2.0111
2.3723
-0.2057
-7.1718
1.6369
-8.1730
0.9629
1.6179
-9.2747
-8.3094
-9.1255
0.8220
-7.0229
-8.9684
3.1229
0.1779
3.2828
-7.1612
-8.8624
3.5210
0.9321
4.4076
1.4393
-0.6840
3.0078
0.1894
-8.6005
2.1651
-8.6246
2.8031
-8.7868
1.0318
2.5355
0.8748
-7.4892
-9.1210
4.5185
0.3792
-8.8341
-9.0437
3.3104
1.4096
-0.5114
2.2843
-9.0818
4.1575
1.4062
1.9517
-8.8317
2.9347
2.1353
1.4266
1.3099
0.5519
0.1794
4.2635
-7.8734
3.0577
-7.2770
2.5227
-7.2651
2.1832
2.0139
-6.8576
1.5718
4.6123
2.4910
0.2539
-8.0121
0.4966
-0.6188
-7.6923
2.7472
0.6263
-7.7839
-8.6786
-8.4424
1.3403
3.1060
3.2003
3.2842
0.5947
-0.3841
-6.8949
4.1819
2.1881
0.2764
3.4162
3.2424
3.9096
2.5255
1.4883
3.0242
1.1431
1.3827
3.3954
3.7193
3.6354
-8.7897
2.1953
1.9581
-8.7819
2.1425
2.3656
3.5533
3.5963
4.3628
4.7042
-7.5218
1.0514
2.5739
2.1694
-6.4008
2.9399
2.6486
-8.1675
-0.7577
0.7808
-7.2783
-8.5885
4.9948
0.0972
-8.0491
1.1056
-8.1023
1.2294
2.9921
4.3760
5.1298
-4.0039
4.3950
-0.6584
1.7087
2.6976
1.6778
0.0056
3.0340
3.7700
1.9370
1.8359
-0.1271
3.1431
-8.4881
3.2603
2.1352
-6.9326
2.6693
-7.4934
3.5909
-8.2351
3.8035
3.5964
1.3426
2.3983
0.2266
0.8067
2.5590
-5.9486
3.5496
4.0025
0.9580
2.9325
-8.8468
-7.1657
0.1443
2.7850
1.4424
2.2931
2.1287
-8.4058
4.6468
1.0448
2.2814
-8.0432
3.2609
0.5876
3.0382
2.4132
0.3711
3.9752
2.3582
1.2681
2.5392
-7.7974
3.1924
-8.5182
4.4781
2.4679
-7.2578
2.7274
-7.4138
3.1768
3.1313
-7.9348
3.1062
3.0303
2.2729
4.9244
2.8064
0.1787
4.3097
1.8232
2.7920
3.8537
3.8677
3.6703
2.8631
2.4774
3.3479
3.0258
3.6252
-9.3678
1.3917
-7.3825
-7.6233
2.5123
4.2977
3.1414
2.9760
4.6753
2.0571
1.9105
-7.6566
4.1496
3.9565
2.5563
-7.6534
3.7345
4.5312
-7.9841
2.7014
3.8831
3.7972
0.6431
3.8891
-7.6421
4.0137
2.7660
3.3704
1.9445
4.8903
-8.4860
-0.4369
4.5764
0.8159
0.3198
-7.8883
2.4667
3.0839
-7.6148
0.5219
2.7086
-9.4260
-8.2757
-8.7177
4.6016
-0.7849
3.5459
-6.5765
3.7544
2.3322
-8.7928
2.8528
4.1688
1.4619
-0.5238
2.6579
-8.4438
2.7637
4.2330
2.4260
-0.2668
-7.8357
1.6624
-8.6330
3.0085
3.6842
2.3109
1.9905
-8.8456
-7.8096
2.6828
3.3169
3.3458
-8.0021
3.4652
3.9700
0.8750
3.5999
1.5544
3.3245
-6.5943
-8.8817
-7.6737
4.0677
4.3200
-9.1019
3.1385
4.0114
-7.4806
1.6710
-7.1002
1.3684
-7.0434
1.9584
2.7267
-7.7790
-4.9184
2.3810
2.0495
-7.4478
-9.1907
2.4296
-8.7731
0.7343
2.3768
3.5984
2.3643
3.7301
1.9087
1.9810
1.3925
-8.0739
2.8708
2.1356
3.3969
1.4738
-8.7530
0.9020
3.1951
2.2894
1.3865
2.3361
1.3914
4.5597
2.6584
0.8124
-9.4629
3.9504
2.2312
-9.0771
3.5577
4.1192
1.6972
-8.1680
2.3148
2.5766
3.7877
1.3716
2.3709
2.5852
3.3616
1.7457
-0.0607
-8.1282
4.7994
0.7747
1.1901
-9.0673
3.4862
-7.2860
3.4517
-8.8235
-7.3518
2.7022
2.8207
0.9536
4.3578
1.0491
2.2200
0.7140
1.3313
-8.6812
1.5968
2.0766
2.3108
1.7767
2.0649
-7.6285
0.1518
1.3996
3.1769
2.5790
2.6203
-8.6202
3.9926
2.9328
0.6253
0.1273
2.3204
2.1475
1.8930
2.3759
3.1134
3.3249
3.5433
1.5301
4.3926
1.8425
4.0568
4.5721
1.4065
1.9740
2.8129
2.3925
3.2391
2.8761
3.7299
-7.6437
1.3073
3.9726
-8.1637
-6.8771
1.2321
0.5051
-4.4279
-7.0913
4.8068
-7.1365
0.9973
2.4606
-9.1475
2.8417
-8.3417
-7.6837
0.3722
2.5987
4.8899
1.1314
2.2535
4.0595
-7.6756
-9.3158
2.7985
-7.6633
-8.9389
2.6799
1.1821
-8.3591
1.5777
4.1045
-4.6396
3.6078
-7.9376
-8.2508
1.0160
0.9533
1.8538
3.4337
-8.6255
3.0726
1.6325
3.4726
3.4751
3.1674
2.4791
3.1471
0.0634
1.5599
1.1378
3.1678
3.5084
0.7418
2.4196
-7.4801
-7.6427
1.2371
-4.7758
-8.5514
-8.9955
0.0994
3.5630
2.8200
1.6445
-8.0318
3.3784
2.0600
-0.6748
3.7527
-8.6569
3.2888
-8.9431
2.4493
2.3023
3.1825
2.2504
3.0794
3.0137
-8.5468
0.2121
0.2021
2.2744
3.9620
2.6541
-7.7947
-7.9967
4.1116
2.4148
-0.2196
0.4754
-8.8107
-8.2703
4.1370
1.4453
4.0852
1.5493
-7.8714
3.8378
3.7239
-8.0572
1.0608
1.5904
-0.5576
2.2976
3.0335
2.3574
1.7333
3.0272
1.9635
3.7505
-8.1473
2.8189
2.6550
-8.8068
1.9558
3.1848
-8.5693
-7.6211
1.4149
3.2278
2.6345
0.0275
0.6063
3.3940
0.6870
0.2511
3.5156
0.7540
2.9638
-0.1111
3.3522
2.6016
-6.9139
2.5862
-8.0520
-8.5057
-7.7264
-7.2879
-8.6892
1.0761
3.3337
-9.5342
3.4213
4.4557
-5.6988
1.2631
-7.9463
3.6866
3.3611
0.7890
2.8583
2.0542
-6.3086
2.3932
-7.7991
4.4389
-7.5857
2.5829
2.8120
3.6201
-9.2320
4.5163
-0.0883
-0.2819
-8.6880
3.2717
2.9730
4.4588
0.8939
-7.9341
3.2269
-7.5139
-7.1226
3.0471
3.2420
2.9009
-7.3314
2.4964
2.6858
4.0776
-8.6469
-8.4873
-8.4774
1.7352
1.3321
0.1871
0.4018
0.3369
1.6828
-7.0077
1.4076
-7.2534
3.2635
-7.6810
-7.2969
3.9807
3.6551
1.5423
3.3401
2.3530
-8.7785
-8.8050
2.6810
3.9991
2.2026
3.6288
-5.7587
2.4798
-6.9501
-7.4140
3.1515
-8.7076
3.3486
3.8288
-9.0011
3.5327
2.8666
-9.0815
3.5412
0.3895
-7.6577
0.6828
4.4964
4.4263
4.2118
4.7832
1.3329
1.8966
4.1630
3.2912
1.7114
1.4075
3.7444
1.2009
2.7843
3.7759
3.1832
1.8832
3.9546
4.0176
2.8256
4.3679
4.1031
4.1077
4.8795
-7.8397
2.0712
2.2328
1.7113
2.4770
2.4248
-9.0319
4.3934
3.1235
2.9441
2.6132
1.6224
3.4300
-7.9117
3.2894
-8.4509
1.7869
-0.2844
2.5028
3.0796
-7.8302
3.8742
4.3890
3.9617
-7.5142
3.0230
1.3532
1.8605
-0.1536
4.4764
-6.9934
3.3572
1.7117
2.5732
-7.9109
2.0007
-8.5447
3.4935
3.0742
2.7334
-0.6492
3.9485
4.0066
4.1903
2.5789
-0.6183
-6.8386
-4.3119
-7.3030
1.4756
-9.5860
3.3215
-0.6923
-7.5874
3.7626
3.7236
3.6787
2.6277
-0.3091
3.1216
1.0670
-7.0602
3.9115
1.9053
3.2700
3.5592
2.5427
-0.5818
-8.4281
1.1179
2.1888
1.7864
-7.2443
-7.4158
-7.8633
2.9643
2.5317
-8.4981
1.3399
-8.4092
-8.5555
2.4915
-8.9738
3.2519
-9.0101
-0.4986
-8.1986
3.8768
3.3681
2.7268
2.4411
1.5402
3.1364
-0.6188
-7.4208
2.1936
1.4901
4.4708
0.1467
4.0591
-9.2593
-8.2047
-5.0888
3.0733
-7.7414
2.7770
-8.4344
4.6802
2.4473
3.4860
0.4054
-0.4447
1.0781
-9.2770
3.4610
0.9994
-9.2871
-9.1241
3.2974
3.0385
1.1016
1.9299
4.5285
3.8568
3.4349
4.0618
0.7178
0.9097
-6.7933
2.5133
1.1537
-9.3363
3.3952
3.8618
-8.1845
1.5863
0.7333
2.4436
1.4805
-7.9501
3.4656
3.5484
-8.6709
4.8485
1.9343
2.5376
-7.6799
1.8715
2.7047
1.4664
2.2434
2.4185
1.9948
4.5331
3.9285
1.9968
-8.2262
2.4439
1.5856
2.2243
3.3352
2.0177
3.4839
3.8958
1.1351
4.6896
2.6074
3.1536
2.1486
-7.2331
-7.2083
-0.5580
-9.4063
-6.7378
2.7357
3.7919
4.5605
3.2023
2.4180
2.8005
1.8392
-9.1624
1.2837
0.9055
-0.4577
1.3550
-9.4573
1.9439
-8.0483
1.7720
4.4461
3.2517
4.0172
-4.1077
0.4302
-8.1012
0.3186
3.9650
4.0031
3.9551
0.6905
2.2363
2.7599
2.3250
2.8333
-0.1406
2.1938
1.3774
2.4906
4.2232
-7.8095
4.0567
-8.9029
2.9328
-7.6613
1.0206
-6.3951
-0.8202
3.2684
-7.4789
-9.1784
0.2381
-7.7789
2.1517
4.5601
2.9128
4.2994
2.4357
-7.0393
2.0841
3.6471
-8.0291
0.9122
0.9234
0.5911
3.7341
-0.0191
-7.9570
-7.9217
1.7515
-7.4250
3.2605
2.3969
2.1360
2.8983
3.9470
-8.9622
3.0108
-7.7234
0.9078
-7.8059
-0.9003
-7.3315
2.9087
-7.8976
4.5067
-8.2945
1.5946
3.1936
-8.2003
0.8592
-8.3472
2.7722
2.7856
4.5748
3.5161
1.8255
2.1600
3.2653
1.9582
-8.1526
3.2933
4.1351
4.4183
2.2990
3.5188
0.0142
2.0714
-8.6600
2.5558
4.0126
1.7489
4.6492
-7.0361
3.0294
-9.1565
-9.5678
3.7392
2.4743
1.3882
-8.0364
-8.8969
1.8748
1.6504
2.4467
5.0625
-0.8298
3.7683
1.8608
-7.0379
2.7321
2.7087
-0.0479
2.1028
-8.0536
2.4892
2.6624
4.2278
4.2651
-0.1319
3.4318
1.3937
3.7032
3.6956
4.0402
1.5371
3.9461
-4.6524
3.1844
-7.9932
-8.3686
0.1867
4.2090
4.4017
3.0542
2.8636
2.3666
2.9617
3.2172
-8.8042
4.6164
0.4884
4.2359
-7.0860
-9.2035
2.2605
-8.6188
2.4735
2.3530
0.0031
0.7815
2.1224
1.3935
-8.1167
-9.3678
-8.5708
0.2662
2.1405
-7.0539
3.4244
2.1217
4.4189
2.3283
-7.6950
0.2865
-7.2222
2.9031
-7.0325
-0.8025
3.4913
-8.0288
2.9634
2.0477
-8.7300
-7.7400
1.4202
-8.3481
3.5983
1.7225
-9.4838
1.6951
3.3603
-0.4620
0.4296
3.7639
4.4456
3.1335
4.5678
3.1445
1.1296
-8.8783
4.5055
2.2355
-8.4399
3.2187
3.9715
3.4779
4.6957
4.1619
3.1694
-8.1987
-0.3480
-7.7060
3.0728
-7.4518
-7.5598
-6.5807
2.7658
1.7675
-8.0341
2.2787
2.7213
1.8591
-7.9241
2.8378
4.5101
0.2859
-7.3647
0.8886
-0.2895
3.4473
4.6497
2.7422
0.4316
1.3360
-7.9201
-0.1892
1.8821
-9.4732
2.5154
3.0634
0.9255
-9.0197
2.3612
2.5254
3.6171
-7.4404
0.3036
0.7079
3.7428
4.2649
1.4393
3.7926
3.4489
2.8549
1.5414
3.0084
-0.3064
4.0778
1.7931
-8.2912
2.0303
1.9192
3.2516
2.6557
2.5339
-0.4355
-0.7061
2.1607
3.0503
1.6100
-8.3121
2.4003
1.1132
4.8498
3.9504
2.8712
1.9832
3.6124
3.2700
2.7911
-8.2065
0.1779
3.1411
4.3903
2.7226
0.6400
2.3646
1.2490
0.4592
-4.1448
2.9116
-7.4972
2.4700
1.8370
-0.7883
1.5300
-0.4453
2.3297
3.8505
-7.7206
-8.7044
3.0308
3.2628
2.0243
-7.7338
0.7584
3.0874
0.1556
2.3632
4.1540
3.1051
2.7515
2.6707
2.1291
-7.9547
-7.1798
-8.4175
-7.8109
3.3675
1.6792
1.1757
0.5476
2.7819
2.7511
-7.4091
-8.6111
3.8322
4.6122
-7.9202
4.5170
-7.4827
1.0096
2.6694
3.4417
2.3522
3.2754
-8.2342
3.4038
3.0444
-0.0774
4.6632
0.8299
-8.5312
-0.3715
-8.2217
3.5426
-7.0910
2.0583
2.9359
2.5961
-7.0953
2.3523
2.0407
3.7191
1.3492
2.8347
-9.4703
3.0298
-8.2959
1.4072
-6.7919
4.3342
1.4383
-8.7983
-7.4465
4.5871
-8.6089
-0.2756
3.1510
-0.2168
3.5644
2.7240
1.8841
0.9910
4.7351
-0.1872
4.2755
2.3350
-8.6359
2.5070
-8.2129
2.4206
2.2860
-7.6166
2.0746
3.9243
-7.1685
3.3753
1.5661
-8.9444
0.4610
2.6510
0.5864
2.5947
3.4181
2.4099
1.6585
-9.5016
3.0396
-7.8424
1.1217
-8.1119
1.0605
-8.3549
3.8981
2.4538
4.6047
0.4272
4.4190
3.1533
2.4540
1.5250
2.0855
2.5954
-8.0024
-8.1562
3.2529
4.3213
4.1702
-0.1868
4.6819
3.1951
4.2129
4.4266
-7.6135
3.3218
2.5949
-8.1817
-0.0727
3.6238
2.5969
0.0349
2.6002
0.8452
4.5335
3.3460
-0.3194
3.1209
1.4321
3.3907
-4.9404
2.1596
1.2429
2.7864
-7.2745
-7.4833
-0.5833
-9.2185
-8.1669
-8.5063
-7.4437
2.9879
-0.1527
1.9302
2.5691
2.0683
-8.3657
-9.4186
2.7814
-6.9987
1.8909
-7.2690
-7.6184
3.8193
1.8760
1.3689
2.8275
2.7231
3.1791
-0.2580
2.6947
2.2536
2.7459
2.3355
-8.1137
4.8814
3.1115
-7.4618
0.9478
1.9255
1.4628
3.3688
1.8515
-8.6371
2.8650
3.0506
4.3634
2.6333
-7.2250
-7.1522
-6.5175
-7.8551
2.2905
-7.7789
-0.3193
3.2735
1.8471
3.9826
2.7092
-8.4802
1.6630
2.9311
2.7126
3.2221
4.2554
3.9432
0.2760
-7.9751
-0.5517
-7.5432
1.5299
-0.8097
3.5439
1.6072
0.1178
2.6050
4.3983
2.4091
-8.1216
-3.8768
3.9160
-7.5106
3.5267
2.3930
2.8372
0.9481
1.6414
-7.4122
0.0794
-0.0159
-0.3691
3.0944
2.2412
-0.6709
1.4023
0.5652
-9.2040
-8.4988
-8.0296
-0.5220
-7.1662
3.9330
4.6372
-6.1252
4.2177
3.4262
4.3191
0.1700
2.0783
-7.5987
3.0565
3.2499
3.1748
3.7785
-7.4103
3.2776
-8.7469
3.3346
-7.4246
2.2680
3.0621
-8.2141
0.6749
3.5796
-0.1081
0.2400
3.9163
-0.5167
1.2936
-9.2496
2.7420
2.5084
-0.6633
-7.2314
3.1433
3.1711
1.9620
-7.4990
1.7246
2.7627
2.1178
-9.5338
2.5886
2.6146
-9.0905
3.7011
3.3676
-7.7075
0.8757
5.0045
-4.3763
3.4918
2.4999
4.1913
2.3082
0.3661
1.6387
3.3892
3.5196
-8.3342
3.1996
2.5925
-8.5118
3.2301
3.4450
-7.8553
2.9412
0.6371
2.1266
0.3100
-7.7170
-8.6873
-8.4198
-7.2569
4.2637
3.0826
2.6237
2.6038
3.5334
2.7937
2.7198
-8.9152
3.4251
4.2427
0.4442
3.1032
-7.6337
-8.7459
-7.0219
-4.6843
2.6411
2.3689
2.2773
1.8174
3.4893
-8.1323
3.4660
-8.7958
3.6854
4.2713
0.4301
-8.6549
-6.8746
1.7000
0.0173
3.6622
2.2572
0.3499
-8.2579
0.9567
-0.8432
-4.7647
-8.9301
-0.0547
0.4640
4.5459
3.6471
1.1382
-7.1092
-8.8742
-8.8177
1.7673
3.1209
3.8212
3.3973
-9.0665
-7.4591
1.3792
3.0537
2.8530
4.4303
-7.6568
2.9914
-5.8495
1.0281
-0.2867
-7.6226
3.7919
-7.0634
2.9150
-9.2945
0.0704
3.3616
2.5574
-7.8413
0.8894
2.6488
-8.3092
1.6699
-7.7797
3.2920
1.3896
-7.5535
1.6755
-7.8774
1.8641
2.1438
2.6635
2.1018
-8.2075
3.8287
1.1198
2.9254
-8.5185
3.2641
-7.6796
2.1358
0.6470
3.1540
3.2157
-7.7863
0.3438
-8.4266
1.3874
0.5069
2.3226
0.7060
-7.2444
-4.4911
2.1115
2.4271
-6.9152
1.2189
4.0573
-8.1069
4.3167
-9.2323
-7.8821
4.2363
-7.5051
0.3331
1.7507
-8.1609
1.7733
-0.4908
0.8790
0.5184
1.5152
3.0174
0.3225
3.4184
-0.0709
4.0215
-8.8611
-4.1889
-8.1009
-7.8216
2.5187
3.3381
1.2521
-8.5278
-0.0495
1.4353
-3.8219
-6.5714
1.2450
-0.4041
1.3625
1.4079
