2.7606
10.4001
2.9713
2.0271
-2.1310
2.6979
3.1640
1.3426
0.8520
1.5099
10.5404
5.3681
4.1083
4.0712
0.5090
4.4657
3.0793
3.4383
10.6316
12.4232
10.9718
4.7599
5.3471
10.5928
5.3520
5.1254
4.0675
5.5798
3.1052
0.2981
0.9607
11.8230
4.0238
1.4857
4.4591
5.0165
4.0751
1.1150
6.0962
-0.8470
0.6857
1.0587
3.6332
4.4459
3.0892
2.7385
5.8095
3.2871
6.1626
0.9874
2.5855
0.5621
1.0721
4.9744
4.6515
11.7440
3.4399
4.8313
3.9393
2.2428
4.6338
6.1752
-2.7965
1.5151
3.1495
1.5468
3.2595
3.9503
6.0528
4.1828
2.6531
-2.7027
2.5650
-2.5263
3.6712
11.0802
4.7651
2.2955
4.9804
3.8561
4.1028
1.1644
2.6222
3.8282
5.0633
11.1397
4.4154
4.6476
11.9341
12.4117
5.1777
3.8343
12.3785
11.3851
3.1937
3.8579
6.2882
4.0748
5.1660
4.2943
-3.3185
3.3351
2.8626
-0.9003
-2.2359
10.6480
0.5702
10.6751
4.1076
4.8728
2.8543
2.4500
3.3589
1.4053
5.4632
1.9222
5.8314
11.7057
1.2933
3.9892
-0.9600
5.0715
11.4749
0.8219
2.8771
4.2064
3.1571
10.9157
-2.9709
4.7855
3.2782
5.7781
5.0492
0.2875
11.9954
2.6184
3.4819
3.5595
2.6183
11.7299
4.5112
-0.5761
-2.1607
11.2786
0.8141
0.8792
10.9940
4.9893
3.0046
-2.9608
0.0075
4.4544
2.0756
4.4374
4.2497
4.1765
5.7936
-3.1159
-1.0910
3.1627
11.2697
4.2592
11.4381
5.7401
0.5603
11.9269
2.2944
1.9926
1.3138
3.8634
5.4677
3.0617
3.1234
5.0965
2.1581
4.3066
4.9932
2.2431
11.5820
12.5211
0.4738
11.6174
5.7929
1.3368
4.8204
-2.9084
-1.6492
2.3009
3.0702
4.1307
11.6468
3.0229
12.1516
-0.0110
-2.3151
-0.5594
1.5914
-2.8651
1.6916
0.2356
3.1933
0.5831
0.4162
3.7554
2.5836
2.4453
0.5016
4.5702
0.6205
-3.1579
3.2485
0.2177
0.8962
1.2537
5.1333
4.9863
4.5946
3.6978
11.1803
3.8832
3.9998
4.8109
4.4826
5.1861
3.8670
3.8927
3.4809
0.9856
3.5390
4.9155
3.8833
12.1911
1.1192
5.7948
4.0794
2.9920
1.5067
4.3354
-0.6924
0.3981
3.9140
11.4873
3.8521
4.8655
-1.5908
4.6454
2.7446
4.4652
3.6174
10.9127
3.7882
4.9294
3.2702
12.1065
2.6011
1.9624
3.5023
10.7432
12.1137
0.3524
3.5836
3.7520
2.1396
1.5186
-0.0818
-3.2180
3.3927
3.4362
1.9425
-1.5915
-1.6327
4.1698
10.3368
1.4546
4.0246
10.6749
5.7801
4.8628
6.0364
2.1935
12.0117
11.1174
-1.1187
4.6775
2.8135
2.4868
0.8157
-1.3839
12.1460
2.7972
3.8069
3.7866
4.6612
1.2216
2.9592
11.2108
-1.2908
5.0343
3.8714
-2.7430
-2.1262
1.3014
3.7841
12.3330
2.9034
2.3591
4.3298
2.7691
-0.7327
5.7555
0.5817
4.9462
12.8720
11.6326
2.7963
2.7543
3.5203
11.6961
2.6210
2.6876
3.8697
5.1731
2.1939
-1.7575
3.9812
10.7175
4.5360
5.4534
1.3382
-2.7209
2.5722
0.1035
4.9588
5.2417
0.3050
3.8221
-2.2280
11.5769
2.9538
5.6805
1.2116
5.2450
2.8208
3.3027
4.6597
5.0362
-0.1058
4.3052
0.3443
5.4100
3.0065
12.5958
3.8565
2.9743
3.9789
4.0628
3.8545
6.0112
5.3292
0.6241
0.7943
10.5438
0.0392
-2.5432
-2.6244
-0.1963
11.1291
4.6232
3.3760
5.0473
4.2266
1.2434
4.1827
1.5580
-2.4189
5.5023
11.7398
11.1488
5.1703
2.0428
1.8040
4.1876
3.9704
5.4586
3.2687
12.2738
4.3019
3.5495
-1.8894
12.4039
2.9136
5.2475
2.1465
-0.6719
3.0825
5.3919
5.8162
5.3738
4.1328
4.2325
0.3001
2.8885
12.6362
4.4474
1.3903
0.2548
4.3186
12.2653
11.3340
3.5077
2.9395
10.6438
4.2662
3.1982
0.6197
2.7745
3.5742
4.1913
0.5335
12.5860
-2.2331
3.0604
10.5238
-0.1174
3.9735
3.0820
12.5371
12.6265
1.0297
4.0386
3.5506
5.5669
-3.2309
4.4334
5.1655
3.7560
2.5133
4.5670
5.3443
3.7937
10.6212
4.9112
2.6573
4.0506
0.3747
1.2075
3.7922
-0.1856
3.3605
4.9067
6.3785
3.8205
5.2834
1.5539
12.3565
-2.4146
4.5748
3.5556
5.3449
-1.9769
2.0165
2.5643
4.3311
6.0637
4.5939
1.9498
3.0650
3.5495
5.4741
3.5727
1.2685
4.5733
2.6682
4.1077
3.4791
2.7655
2.5374
-0.0278
11.3841
1.6035
1.1413
0.7451
5.2275
2.0964
5.4023
5.2521
2.4046
-1.3975
11.8290
-3.1513
3.9081
1.1189
3.6123
3.2867
4.7987
3.0332
-3.4023
5.3937
1.3708
-0.1996
2.1972
3.0057
4.6043
3.4798
10.8609
3.3144
-0.0034
3.0809
12.2621
0.7653
2.3711
2.3073
5.5993
10.6004
3.9901
3.0741
3.8839
3.0697
2.0888
-1.4852
11.5412
3.8565
3.6358
4.2668
3.3626
12.6574
-0.5889
1.7463
2.0825
0.5104
3.2093
-1.9872
3.0490
2.9084
0.8773
2.8190
5.8185
3.4264
5.1625
3.5951
3.7477
2.2084
5.8771
1.0028
-1.2675
0.2532
3.7045
3.4496
5.0719
2.8434
4.7515
2.1186
4.5815
5.2076
0.0668
4.5929
4.7807
-0.4069
5.0801
-0.9554
3.4189
11.5783
5.1060
4.9422
2.6091
5.1305
3.2267
2.6323
2.5463
12.4413
1.4291
3.9065
12.3072
4.3315
1.9300
4.7347
3.8188
3.4530
4.2165
-0.4463
4.5815
3.5415
2.9046
4.9282
4.9848
2.3233
5.3533
5.6627
4.0644
12.5717
11.8777
5.0933
4.5096
2.4266
-2.5920
2.0552
4.1444
11.0349
4.6745
2.2836
3.8037
4.0857
1.8156
4.6455
3.7496
3.0008
4.7607
4.4118
0.2509
6.1365
5.2133
1.5953
5.6618
5.4188
5.0594
3.9479
4.2771
5.2055
3.9353
2.4974
4.5386
3.7924
0.7667
2.2684
5.4154
0.8944
0.5015
3.9053
12.6094
-1.6657
0.0245
11.2176
1.1859
2.6145
3.0393
0.4957
-3.0920
12.0835
12.3663
11.3843
11.2924
0.8673
4.3241
5.4272
-0.8614
1.1229
11.6215
0.6159
4.3577
12.2585
4.4764
2.3146
12.0977
4.2053
5.0207
5.6401
3.7067
3.9556
3.7754
4.3374
2.7043
12.8851
4.5094
5.2180
4.3655
2.9015
1.5669
2.9319
3.4442
1.7302
3.3546
4.9549
2.4997
5.3036
0.1628
-3.1302
1.6181
4.2644
1.0632
11.8918
11.9847
10.9150
-3.2594
11.8280
2.1956
2.1273
5.3479
12.4640
6.3808
3.1489
-2.8544
4.6654
3.4467
4.5744
4.5502
-3.2004
2.8914
11.0200
3.1504
10.5844
3.5466
2.9863
12.7338
4.2676
3.7501
4.3393
3.1546
2.7844
3.5783
10.4398
5.6328
3.6841
0.1479
12.6477
3.0965
-2.6545
12.6737
-2.4334
1.7154
2.3477
4.7642
3.6409
4.0097
2.2882
3.8289
1.9986
1.9534
4.3689
-0.5268
5.1741
3.3091
2.5959
4.4170
2.5524
2.0207
-1.4906
-1.4384
2.2632
5.1852
2.0233
5.6684
2.4063
4.2602
2.5461
-1.5234
4.9689
-1.8076
2.4537
3.9101
0.9278
3.8724
4.0688
1.6719
3.3794
5.6167
4.6832
2.2833
4.4486
6.2219
1.8472
3.6416
5.1342
1.1966
11.4377
11.3534
11.9521
3.8230
4.0086
3.5286
0.4836
2.3028
4.4258
4.6608
-1.3579
0.9753
1.8551
2.2463
5.1826
5.0073
3.4800
11.2810
-0.6980
1.7812
4.8956
5.1858
2.9695
4.1667
5.7288
4.3921
3.8228
4.6271
4.9458
3.4523
1.9329
3.6641
-0.9491
3.5086
0.9830
3.3836
4.2807
11.1013
11.7414
0.7342
-0.7729
5.9535
1.0067
3.8521
12.0928
-2.2576
12.1063
3.7558
3.0087
5.4240
2.8800
-1.8318
4.4589
2.9535
2.1401
-1.2503
-1.4239
3.6830
5.2978
3.4337
2.4913
5.4226
1.8092
3.8299
4.5939
4.3731
2.9250
2.7377
4.8074
4.6344
1.4115
1.8553
3.0976
3.8681
-0.3664
3.7120
6.2076
3.7655
-1.2895
4.9025
1.3114
-0.3012
4.8990
1.3632
-0.3769
-0.5212
11.7024
4.9575
-1.0143
1.9586
-0.5112
11.7280
3.8079
11.7749
12.8815
3.4969
12.1053
4.7257
5.9369
3.1540
-0.4402
-0.5570
4.0155
11.5641
3.2992
11.6579
11.5368
-0.1430
3.8259
3.3059
1.5236
2.6912
3.2146
11.6685
0.4083
0.6563
5.7116
3.5358
2.4291
1.0489
5.5119
3.0664
5.0670
11.3049
1.2973
2.4558
-2.3720
3.9179
-2.6135
3.1543
5.2025
3.6514
3.7648
2.7017
4.5997
4.0612
4.0217
1.2908
2.7519
3.6100
2.4989
4.3332
-2.3337
3.6844
4.4637
3.7521
2.4582
0.0586
4.0161
-2.9036
0.9092
4.8989
4.0410
2.3279
2.7192
1.8702
12.6770
11.5267
3.4856
3.4372
2.4358
2.1162
2.5299
10.4165
12.3639
-1.1350
4.8369
11.7729
5.2542
4.6514
11.2726
2.9956
4.0126
4.1014
-1.9940
5.7674
5.6226
5.5379
4.0013
5.2507
5.0623
2.8713
4.0691
3.9576
4.8084
3.9612
12.6069
4.0182
4.4356
-3.0632
-2.3275
0.4836
2.9593
5.7397
2.8200
11.1543
4.3840
2.1257
12.0264
4.7473
2.5937
12.3967
2.5029
11.6904
-2.9063
4.6447
5.0785
3.1800
0.2835
4.8260
0.3499
3.2566
5.5470
-1.2978
0.7818
5.4758
4.5184
11.3111
-3.1082
4.8225
5.8496
3.4991
4.8173
3.1322
4.8310
11.9438
4.8568
0.9787
4.8450
-0.0295
-2.7611
-0.2378
0.1124
11.3665
2.6413
5.3018
12.4412
3.2681
2.9787
-1.2469
4.6383
4.3358
2.1576
2.8626
3.8668
-1.0724
10.7664
4.8314
2.5834
5.4965
3.0183
3.6535
4.7255
5.4457
1.6342
4.9555
-0.8441
4.3546
4.7495
4.0943
3.9119
12.3189
2.6738
5.5233
3.6456
1.7954
2.0706
4.1019
5.0397
4.0433
2.6070
12.3396
11.4174
4.2749
4.3241
4.1464
12.5628
3.5825
2.2712
2.8802
3.3505
1.3435
12.4911
3.2668
2.3828
1.9016
11.1637
2.2648
4.6234
3.4902
2.5117
10.9870
1.3302
4.3982
2.2051
12.2223
4.0220
4.4603
4.5543
2.4199
11.7395
4.0251
5.1766
11.6926
4.8091
11.0645
4.8828
1.4439
1.9032
2.8419
5.5243
4.8273
0.9403
5.0666
2.3390
5.0398
0.4167
12.5629
3.4772
4.8135
4.6442
4.0856
11.0986
-0.5339
4.5045
2.1211
4.8373
4.7204
4.8783
1.1388
3.8783
4.8849
3.7565
12.2509
12.9182
4.0625
1.8418
4.2984
1.3452
-2.7529
2.4419
3.7353
4.2473
4.9041
5.4286
1.5306
4.2781
12.4238
4.5150
4.1065
11.9839
2.2328
3.6236
11.1230
5.4800
5.1450
2.6831
2.7197
0.1454
3.3712
-0.3934
10.5231
11.9139
2.9835
4.9489
2.5183
11.1356
-2.3416
-2.5447
3.7329
4.1268
3.1340
3.1572
3.5083
5.2503
3.7211
4.3051
1.6155
3.9232
0.1160
5.5811
5.0947
-1.1290
-0.3488
4.1354
4.1515
4.3096
3.5027
5.4133
12.4610
5.1546
-1.0055
4.0877
0.8907
-2.1947
3.7017
11.5085
4.2182
1.5235
2.8784
1.3972
11.2033
2.3220
2.6973
4.0545
2.9595
0.5717
4.5233
4.1729
4.8731
0.4732
10.3002
3.8976
3.9911
4.7003
12.5832
5.9127
3.1441
3.0298
3.0435
12.0574
2.2313
3.9423
0.3236
4.4949
1.2605
4.7955
1.0765
2.6552
5.4401
5.4724
4.4508
3.5380
3.2081
11.1515
12.0347
-2.8984
3.9942
1.9729
4.4792
11.3004
2.1252
3.7891
3.9686
10.4889
2.6277
2.2022
4.2282
2.8587
4.2322
4.5137
4.7049
1.0181
3.7751
3.4438
4.0225
-0.9429
3.2610
11.5653
2.6332
-1.8710
4.5283
6.4994
3.4595
1.8915
4.2832
0.9521
4.0451
0.7085
1.7047
5.0348
3.6100
-0.9308
2.3995
-3.1629
2.4668
-2.4728
4.8866
-0.6568
3.7171
-1.3183
5.3443
1.8721
3.1876
3.8080
3.0420
3.1927
4.3471
5.2831
3.4556
-2.6798
3.5963
3.2478
2.6441
4.6693
3.8152
2.5131
-0.6832
4.0277
1.2413
4.2968
2.9307
3.4651
3.0176
-0.4037
-3.0804
5.2799
-2.7884
3.8792
3.2806
-1.2145
3.1583
-2.9137
12.0982
4.6583
2.6159
-2.6074
4.5666
1.4266
5.1585
4.9757
4.8776
11.4579
3.8231
3.8216
4.7795
3.3661
-0.9142
1.1635
1.5217
3.5805
-2.6085
3.1484
4.2504
4.6475
2.9831
12.1418
-3.3437
3.9549
3.9873
0.0150
2.3219
2.7630
3.2014
10.6258
10.8154
4.0128
0.7665
5.0553
3.3038
-2.5741
11.1851
3.7010
5.0438
4.9589
-2.2175
-2.5082
5.3364
4.5571
4.5039
4.3147
4.2405
3.1269
5.6861
5.5415
2.8453
4.8513
10.2813
3.8118
5.4798
3.3350
4.1325
2.4597
1.6371
3.2348
2.6682
4.7647
3.5017
3.2339
3.2342
4.2772
4.2524
4.5342
0.8064
1.8907
2.5987
2.4179
4.4171
2.3529
3.7571
1.3175
4.4684
5.8976
4.7546
3.5795
4.8850
-3.0530
-0.4452
4.8868
3.5452
4.0852
4.3850
4.1854
3.7060
2.7792
1.9323
12.5304
1.9149
12.1524
4.9141
3.6653
3.2923
-0.5862
3.9452
3.1760
-1.7243
3.1947
3.8596
5.3285
4.4687
2.0797
0.8049
3.8626
3.6227
2.4322
0.5191
5.1406
0.8749
1.5461
-0.6647
4.1627
-0.6380
2.7382
9.9146
4.7069
4.0892
4.0604
3.0980
4.7199
3.0818
1.0198
-0.0231
3.9254
4.6129
4.8885
3.9755
11.9287
3.2782
2.3448
4.3257
10.5645
3.2484
3.8380
5.5482
3.2939
2.2923
5.0955
3.5756
1.0226
12.6014
4.2009
0.8599
4.3865
-1.1534
0.2689
3.0631
3.0519
12.0343
10.7706
4.9561
5.5302
2.8762
4.5756
1.7848
0.6844
-2.2804
4.6366
3.3514
3.8176
1.6716
4.5904
5.3190
2.4806
3.5969
2.4339
4.4912
2.3713
4.3574
0.5046
3.3064
3.8610
0.5695
3.8869
4.7919
12.1726
4.7241
3.9874
3.5241
4.0230
12.2780
2.4024
3.0010
5.5233
2.2146
0.7601
4.6899
-2.7374
2.1651
4.0657
1.1986
4.6546
1.0374
4.3756
5.5447
3.2006
3.1597
2.7383
2.9214
4.8658
1.6773
5.6417
4.5536
0.2730
0.6834
4.4070
11.4378
12.2027
5.7161
-2.8753
3.1324
5.4123
4.7699
-2.9266
5.7486
3.2629
3.7889
-2.1430
10.5536
5.3346
3.1333
5.0178
2.9364
11.7797
3.0099
0.4539
0.3939
12.3778
4.4622
3.4643
4.4220
12.3356
5.5764
3.5416
5.7666
3.0813
5.4792
4.1082
11.6294
2.3650
-1.5204
-2.9320
4.3070
3.5556
1.9556
4.0351
3.8275
5.9485
2.8413
2.8500
10.3445
12.6722
3.5051
5.3685
3.1534
4.4238
5.6326
5.4415
5.2194
10.4184
10.6185
3.6011
1.3970
1.2898
3.1763
0.6138
5.0786
4.8109
1.7119
-2.9251
4.5250
12.0715
1.1865
11.1295
-1.3992
1.3810
3.1349
2.4704
2.3931
5.3401
4.8964
5.4820
-1.9462
2.6206
4.2658
5.7121
-2.4923
3.4720
3.9457
3.3556
5.1652
1.8991
11.3789
3.1144
-0.1439
11.8393
10.9697
3.9120
12.1572
6.1283
12.1148
1.8002
5.4299
4.1916
-0.5396
4.8129
-1.6244
0.3632
4.0858
3.5531
4.4424
3.3330
4.2427
-1.9445
3.6044
3.9110
3.8513
2.6285
4.5138
1.8800
4.4276
5.2543
-0.8249
4.7474
3.1234
3.9354
1.9612
0.2431
5.2089
-3.1295
1.8166
4.2405
1.8040
12.4629
11.1036
3.3304
2.7263
4.2461
4.1185
12.2491
0.2987
3.6690
2.9123
4.6004
4.0288
2.4319
3.0355
3.4650
2.9417
6.4083
3.9067
4.5193
1.2072
4.4783
2.5147
11.4523
12.3172
12.3403
11.4879
2.6342
0.6821
11.8585
3.9855
5.1374
4.2310
4.9765
5.7455
1.3720
2.7700
4.4340
2.4039
2.3910
3.0129
3.6268
4.1852
1.7738
2.4613
3.9078
-2.7175
5.1770
3.8213
-2.8870
5.2950
2.7734
3.5663
2.4989
2.1408
3.0915
4.8662
3.5745
12.6363
1.6908
12.0659
-1.2074
3.8468
0.8547
1.1556
1.9794
3.0511
4.8419
2.8219
4.6495
3.4018
5.5368
1.9932
-2.9436
1.3149
2.5443
3.5640
1.7615
4.6108
2.9019
0.9802
1.5538
3.8554
4.3907
2.8950
4.8317
2.9392
4.5369
-0.9279
0.3702
3.6732
1.7955
-0.0481
-2.3289
-1.1116
2.5375
5.8990
4.4293
-3.3378
1.5617
5.2884
11.3704
3.8549
4.2452
0.3310
4.7993
0.5094
0.9513
5.0602
4.2873
2.8081
2.5614
9.6349
3.6140
3.6199
4.1893
4.4197
5.7218
5.0380
5.3755
-0.8892
5.1887
-1.8942
3.2886
12.1839
4.2027
-2.5034
4.5434
4.1380
11.2526
4.1723
4.8689
1.0889
3.7449
3.9831
4.7612
11.2237
4.7490
2.4581
5.6312
4.4503
3.0596
10.4978
3.1740
3.3095
3.7377
0.2568
4.4874
-0.4469
5.3786
3.9114
10.9459
2.3505
5.1855
-0.1909
4.8253
3.8964
5.1037
4.1062
-1.0404
4.1284
3.5930
2.7466
3.4602
-1.3513
2.0575
4.7301
3.3958
4.0408
11.8267
3.4990
2.1194
3.2857
2.3547
-2.6676
3.3950
5.7398
11.1921
4.6647
5.0685
4.3739
0.8681
11.5363
2.5685
3.3231
5.3736
4.1028
1.8665
5.0098
-0.8086
5.2029
0.4573
5.5541
-2.5683
10.0824
10.3786
11.1660
2.7753
2.0956
5.5309
3.3511
3.8826
-2.2736
3.8629
3.9041
1.8738
3.0702
3.7721
3.9528
1.8396
12.6522
5.0145
3.5434
1.6895
2.8526
2.4559
-2.6602
3.3464
3.7182
4.1324
11.3321
-0.1692
11.9785
1.0829
3.6000
-2.1913
-1.3414
2.4737
5.2360
1.8438
5.2599
5.2099
4.4897
4.5074
-2.1987
4.2980
3.2661
1.2691
-0.7998
2.2444
0.9323
4.1547
2.8623
2.3902
0.8739
5.2488
0.8181
4.0885
4.0220
-1.4112
3.9478
0.1839
5.3791
4.5272
1.1961
12.1508
3.5561
4.5965
-0.9968
4.6822
3.4953
5.8021
4.6211
4.5367
4.8896
4.1878
2.7301
11.0533
10.9770
2.6171
3.8604
3.7494
3.9824
4.6625
4.3015
1.3525
4.0418
5.1322
11.8035
3.7055
11.5208
1.5818
2.8371
3.5022
11.9819
2.5382
-2.8158
-1.9259
2.9526
12.4262
1.7252
3.6382
1.2958
2.8188
5.5664
1.7814
3.7623
5.6539
4.3295
2.4263
3.8957
11.9762
4.0258
5.1405
3.1775
11.3734
5.5437
5.7691
-1.4661
4.2361
-0.5892
2.1490
4.5011
-0.8154
-0.3493
3.4807
12.2330
11.9397
10.9207
3.7896
12.4151
3.8418
5.1495
5.6299
0.4682
3.2364
-1.8194
4.3000
-0.1088
0.8360
3.6091
4.8052
4.7048
11.6556
3.6270
11.7068
4.7597
6.0038
0.5660
2.9715
4.8674
5.8445
-2.1861
4.7430
4.0690
4.5357
-1.4909
0.4842
3.3583
1.5044
5.9601
4.8678
0.0595
3.8645
3.8757
0.6883
0.9752
4.7949
2.9513
4.1160
10.0618
-1.3579
-1.5147
0.3591
5.6846
5.5657
4.2664
1.1086
6.1757
2.6299
3.0955
-2.7642
3.2082
11.5813
2.3050
4.8462
4.8472
3.7693
1.0144
4.3178
11.6389
-0.2062
2.8074
4.9447
-1.8429
5.2791
10.6698
4.8945
0.4191
3.2528
4.3062
3.5347
3.2131
11.6318
-1.0801
12.0311
-0.7297
-2.6513
4.8051
11.6045
2.4181
4.6274
4.7483
4.6535
1.5938
11.6775
1.1140
3.6452
4.4518
-2.2429
6.2096
-2.3091
-3.2897
5.2007
2.2789
4.3297
-0.0201
0.4946
5.1170
6.0796
2.9693
0.3464
3.5396
11.8707
3.2559
2.9546
12.1470
3.5471
3.7378
-1.5809
10.6418
5.1700
4.3155
3.8375
2.5052
4.6942
4.9311
4.5848
12.2586
4.4506
-2.8370
3.6387
11.3203
-2.2053
3.6585
4.2403
3.0210
4.4414
3.1986
3.8336
1.3674
2.3705
4.5730
4.7657
2.1348
4.0374
12.5082
11.8076
2.4404
4.1527
3.1214
3.2451
-3.0030
4.4242
2.8464
3.5534
3.8134
5.1639
2.6724
1.5923
4.6863
4.2761
0.3741
2.8690
0.5344
12.0040
0.9086
3.1420
2.8382
3.1139
3.7242
4.8993
4.2143
2.6534
3.5497
2.2364
2.3966
2.6661
1.5120
-0.8747
3.5163
0.1784
10.7438
12.4832
-2.1391
2.9786
2.5158
12.4359
2.4760
4.8533
11.5161
3.5543
4.2168
3.4931
2.7729
5.1628
3.6609
-2.2087
5.8222
4.5035
4.7993
11.7173
3.9961
-2.1178
2.6160
12.3092
3.4948
4.9872
-3.4990
10.7437
0.1155
11.5096
2.2501
2.4917
3.6691
-1.4725
3.9429
4.9046
4.3534
3.3795
11.6288
11.5599
0.3131
-2.3697
2.4727
0.9693
5.8624
5.2226
3.9713
0.7786
-2.8158
5.0609
1.7029
3.5899
-0.1100
3.0882
11.8591
3.2739
1.2345
1.6603
11.5038
3.0999
12.3040
11.7205
4.6737
-0.4339
3.6222
-1.6858
5.6166
11.7006
3.1306
11.7173
3.7998
4.3045
0.8564
4.7641
5.5753
4.6242
5.1474
4.4852
12.6319
2.3567
4.5490
2.3385
0.4447
-3.2634
-2.9595
4.4515
4.8218
0.7920
0.0773
4.3922
0.3900
0.4089
4.2536
2.9094
12.0647
2.8371
3.2218
1.3550
4.4344
1.1051
-1.1462
1.6220
1.7743
4.7126
5.0768
-0.5809
1.0455
6.2842
-2.6460
0.7528
2.5167
-2.7047
10.6164
3.8736
11.0643
2.9254
12.1220
4.8741
5.2297
3.1023
3.8939
4.4185
0.6324
4.0553
-1.9152
4.5362
-2.9067
2.8813
-0.9439
4.6922
1.1277
1.5329
3.8722
3.8960
5.2492
4.3858
2.7527
0.5883
4.1795
1.1540
11.1026
0.3248
10.3765
3.0261
-3.3802
4.9751
3.7480
0.7856
12.4998
0.8009
5.7052
1.9045
0.4115
4.4509
4.1197
4.9496
2.3595
2.8513
2.3093
1.4591
4.5592
4.2672
4.2277
11.8363
4.2399
12.5412
1.8026
3.3986
-1.2781
3.7999
4.7009
-3.4457
0.5461
3.7967
4.5952
11.8850
4.3758
3.9782
2.5750
0.9195
3.7773
4.6093
-1.6249
-1.3511
4.6816
-0.3903
-0.2113
1.5947
4.5883
3.8507
3.1659
2.3024
11.8007
0.7730
5.5545
2.7951
3.8121
4.2300
4.5133
-2.9724
3.5019
11.1688
0.7105
5.9808
11.0218
3.5926
12.1982
4.6584
4.5952
11.7885
3.0699
4.3548
-1.3729
4.2707
2.6894
2.6908
-1.1104
1.1143
5.4308
12.1475
4.1008
3.9535
2.2109
2.7952
0.6854
11.7422
1.6925
3.1256
4.2988
5.3846
3.3399
-0.2178
4.0694
5.6741
0.8348
1.7754
0.9772
3.6238
11.9332
4.6242
5.4989
-0.2294
11.7845
3.5609
5.1308
1.7626
4.7792
4.3659
2.6425
2.5602
4.2351
3.3151
4.5793
11.6002
1.9444
3.6140
5.3913
4.6349
2.3170
1.8995
0.7837
1.3314
5.0182
4.0086
4.3905
3.3020
0.8531
12.0577
5.5696
2.9441
-2.2542
4.9409
4.9458
2.7519
5.6457
5.1516
4.9610
1.1294
3.9365
12.5391
0.4863
12.1243
1.4881
2.1287
11.7905
5.3491
4.4301
11.1122
3.4408
2.8323
2.4628
3.2341
5.1981
-2.4086
2.0087
2.3990
3.1940
-2.5935
4.6317
3.6181
0.9366
12.2374
12.3345
12.5474
2.6127
4.2074
11.4937
11.9650
11.6248
3.1514
4.0755
4.7335
11.7949
0.7044
1.4002
4.8130
4.2563
0.1493
-2.7595
4.4668
10.7265
2.3629
0.6771
3.5514
-2.0518
1.2412
4.8657
3.6123
0.7673
2.1841
2.9905
4.4501
4.2740
-0.9871
2.7013
2.8313
3.2796
12.4485
12.2588
1.2442
12.1009
3.6875
4.4004
2.9483
3.3557
12.2098
2.7468
3.2317
-2.2070
1.9893
2.2411
3.3419
6.1913
5.4552
3.8196
4.7974
2.3749
3.2870
-2.8415
-1.7044
0.7406
11.3182
4.2426
4.8084
4.3983
5.1866
1.1797
2.6439
12.5550
1.9237
2.8965
5.9488
0.0975
4.5741
-0.2473
2.2670
3.3236
5.2650
1.6901
-0.4511
11.6001
1.1401
11.5695
3.1993
4.3975
1.7718
1.9505
0.5244
-0.7887
3.6656
-0.7098
0.7287
3.6859
4.7133
4.5398
4.5959
4.1649
11.7905
2.3271
3.8629
-1.3969
4.1109
4.3766
4.6553
-2.9312
4.4413
4.7143
5.4969
4.0501
5.1734
2.1664
3.9407
0.2937
11.6863
2.2198
3.4949
1.7714
11.3159
-2.9100
3.1132
12.3531
2.0717
3.6589
12.4769
4.4766
4.2105
10.6290
11.2285
4.2961
0.4302
4.5250
4.6925
2.6606
4.3789
3.5778
2.9949
3.6571
4.9839
3.6406
1.1255
3.9143
2.2377
3.2717
4.9041
4.5349
3.9731
3.8112
4.2343
11.1826
4.5570
2.2703
3.1522
3.4853
3.9321
10.8123
-2.0899
-0.0108
4.7123
4.7854
-2.5761
3.3245
4.4445
1.1505
4.2197
1.7666
0.8463
4.1269
5.4626
2.1360
-0.6927
-1.4650
3.2595
3.6056
3.5153
2.3841
2.6925
3.5721
-3.1258
2.7350
2.6821
12.5120
2.0740
-3.2807
0.9654
11.5309
1.2424
5.3243
11.3267
3.5582
12.8653
5.0526
4.7103
4.1223
0.1126
4.8552
3.2017
0.5441
1.7821
4.1977
4.8667
0.4322
2.3795
4.3979
12.1726
5.9738
2.5092
5.7232
12.0458
11.1874
11.2421
2.2237
2.1061
12.2503
-2.5745
10.8164
4.3945
3.1960
5.0321
5.1814
2.2974
3.5097
0.7419
11.3194
4.2132
11.8097
2.1964
4.9484
3.5565
10.7167
12.3729
12.3540
2.2086
